,WP_011305001.1/1-215,UKC55411.1/1-215,UKC54475.1/1-215,UKC53537.1/1-215,AUO55129.1/1-215,AAK28679.1/1-204,AAZ68925.1/1-215,WP_044170830.1/1-211,WP_011453012.1/1-213,WP_006011291.1/1-213,AAC02808.2/1-213,ABD44778.1/1-213,AHX10063.1/1-213,AHX09199.1/1-213,AHX08429.1/1-211,AHX07802.1/1-213,AHX06147.1/1-213,AHX05158.1/1-213,AHX03242.1/1-213,CAH58593.1/1-201,ABO36239.1/1-118
WP_011305001.1/1-215,,,,,,,,,,,,,,,,,,,,,
UKC55411.1/1-215,0.00000100,,,,,,,,,,,,,,,,,,,,
UKC54475.1/1-215,0.00000100,0.00000100,,,,,,,,,,,,,,,,,,,
UKC53537.1/1-215,0.00000100,0.00000100,0.00000100,,,,,,,,,,,,,,,,,,
AUO55129.1/1-215,0.00000100,0.00000100,0.00000100,0.00000100,,,,,,,,,,,,,,,,,
AAK28679.1/1-204,0.00000100,0.00000100,0.00000100,0.00000100,0.00000100,,,,,,,,,,,,,,,,
AAZ68925.1/1-215,0.00000100,0.00000100,0.00000100,0.00000100,0.00000100,0.00000100,,,,,,,,,,,,,,,
WP_044170830.1/1-211,0.16713800,0.16713800,0.16713800,0.16713800,0.16713800,0.16484009,0.16713800,,,,,,,,,,,,,,
WP_011453012.1/1-213,0.18167132,0.18167132,0.18167132,0.18167132,0.18167132,0.18015563,0.18167132,0.00449607,,,,,,,,,,,,,
WP_006011291.1/1-213,0.17651704,0.17651704,0.17651704,0.17651704,0.17651704,0.17472756,0.17651704,0.00000100,0.00444085,,,,,,,,,,,,
AAC02808.2/1-213,0.17651704,0.17651704,0.17651704,0.17651704,0.17651704,0.17472756,0.17651704,0.00000100,0.00444085,0.00000100,,,,,,,,,,,
ABD44778.1/1-213,0.18167132,0.18167132,0.18167132,0.18167132,0.18167132,0.18015563,0.18167132,0.00449607,0.00000100,0.00444085,0.00444085,,,,,,,,,,
AHX10063.1/1-213,0.17651704,0.17651704,0.17651704,0.17651704,0.17651704,0.17472756,0.17651704,0.00000100,0.00444085,0.00000100,0.00000100,0.00444085,,,,,,,,,
AHX09199.1/1-213,0.17651704,0.17651704,0.17651704,0.17651704,0.17651704,0.17472756,0.17651704,0.00000100,0.00444085,0.00000100,0.00000100,0.00444085,0.00000100,,,,,,,,
AHX08429.1/1-211,0.16713800,0.16713800,0.16713800,0.16713800,0.16713800,0.16484009,0.16713800,0.00000100,0.00449607,0.00000100,0.00000100,0.00449607,0.00000100,0.00000100,,,,,,,
AHX07802.1/1-213,0.17651704,0.17651704,0.17651704,0.17651704,0.17651704,0.17472756,0.17651704,0.00000100,0.00444085,0.00000100,0.00000100,0.00444085,0.00000100,0.00000100,0.00000100,,,,,,
AHX06147.1/1-213,0.17651704,0.17651704,0.17651704,0.17651704,0.17651704,0.17472756,0.17651704,0.00000100,0.00444085,0.00000100,0.00000100,0.00444085,0.00000100,0.00000100,0.00000100,0.00000100,,,,,
AHX05158.1/1-213,0.17651704,0.17651704,0.17651704,0.17651704,0.17651704,0.17472756,0.17651704,0.00000100,0.00444085,0.00000100,0.00000100,0.00444085,0.00000100,0.00000100,0.00000100,0.00000100,0.00000100,,,,
AHX03242.1/1-213,0.17651704,0.17651704,0.17651704,0.17651704,0.17651704,0.17472756,0.17651704,0.00000100,0.00444085,0.00000100,0.00000100,0.00444085,0.00000100,0.00000100,0.00000100,0.00000100,0.00000100,0.00000100,,,
CAH58593.1/1-201,0.23182264,0.23182264,0.23182264,0.23182264,0.23182264,0.24210383,0.23182264,0.21635005,0.21872093,0.21310488,0.21310488,0.21872093,0.21310488,0.21310488,0.21635005,0.21310488,0.21310488,0.21310488,0.21310488,,
ABO36239.1/1-118,0.12685253,0.12685253,0.12685253,0.12685253,0.12685253,0.12685253,0.12685253,0.07798574,0.08498237,0.08498237,0.08498237,0.08498237,0.08498237,0.08498237,0.07798574,0.08498237,0.08498237,0.08498237,0.08498237,0.07592988,
